0. -0.8048302574040429 0. -1.2947161384721992
0. -0.5748787552885943 0. -1.2947161384721992
0. -0.34492725317316086 0. -1.2947161384721992
0. -0.11497575105772029 0. -1.2947161384721992
0. 0.1149757510577416 0. -1.2947161384721992
0. 0.34492725317316797 0. -1.2947161384721992
0. 0.5748787552885943 0. -1.2947161384721992
0. 0.8048302574040633 0. -1.2947161384721992
0. -0.8048302574040429 0. -1.294716138472193
0. -0.5748787552885943 0. -1.294716138472193
0. -0.34492725317316086 0. -1.294716138472193
0. -0.11497575105772029 0. -1.294716138472193
0. 0.1149757510577416 0. -1.294716138472193
0. 0.34492725317316797 0. -1.294716138472193
0. 0.5748787552885943 0. -1.294716138472193
0. 0.8048302574040633 0. -1.294716138472193
0. -0.8048302574040429 0. -1.2947161384721966
0. -0.5748787552885943 0. -1.2947161384721966
0. -0.34492725317316086 0. -1.2947161384721966
0. -0.11497575105772029 0. -1.2947161384721966
0. 0.1149757510577416 0. -1.2947161384721966
0. 0.34492725317316797 0. -1.2947161384721966
0. 0.5748787552885943 0. -1.2947161384721966
0. 0.8048302574040633 0. -1.2947161384721966
0. -0.8048302574040429 0. -1.2947161384721966
0. -0.5748787552885943 0. -1.2947161384721966
0. -0.34492725317316086 0. -1.2947161384721966
0. -0.11497575105772029 0. -1.2947161384721966
0. 0.1149757510577416 0. -1.2947161384721966
0. 0.34492725317316797 0. -1.2947161384721966
0. 0.5748787552885943 0. -1.2947161384721966
0. 0.8048302574040633 0. -1.2947161384721966
0. -0.8048302574040429 0. -1.2947161384721824
0. -0.5748787552885943 0. -1.2947161384721824
0. -0.34492725317316086 0. -1.2947161384721824
0. -0.11497575105772029 0. -1.2947161384721824
0. 0.1149757510577416 0. -1.2947161384721824
0. 0.34492725317316797 0. -1.2947161384721824
0. 0.5748787552885943 0. -1.2947161384721824
0. 0.8048302574040633 0. -1.2947161384721824
0. -0.8048302574040429 0. -1.2947161384721966
0. -0.5748787552885943 0. -1.2947161384721966
0. -0.34492725317316086 0. -1.2947161384721966
0. -0.11497575105772029 0. -1.2947161384721966
0. 0.1149757510577416 0. -1.2947161384721966
0. 0.34492725317316797 0. -1.2947161384721966
0. 0.5748787552885943 0. -1.2947161384721966
0. 0.8048302574040633 0. -1.2947161384721966
0. -0.8048302574040429 0. -1.2947161384721966
0. -0.5748787552885943 0. -1.2947161384721966
0. -0.34492725317316086 0. -1.2947161384721966
0. -0.11497575105772029 0. -1.2947161384721966
0. 0.1149757510577416 0. -1.2947161384721966
0. 0.34492725317316797 0. -1.2947161384721966
0. 0.5748787552885943 0. -1.2947161384721966
0. 0.8048302574040633 0. -1.2947161384721966
0. -0.8048302574040429 0. -1.2947161384721966
0. -0.5748787552885943 0. -1.2947161384721966
0. -0.34492725317316086 0. -1.2947161384721966
0. -0.11497575105772029 0. -1.2947161384721966
0. 0.1149757510577416 0. -1.2947161384721966
0. 0.34492725317316797 0. -1.2947161384721966
0. 0.5748787552885943 0. -1.2947161384721966
0. 0.8048302574040633 0. -1.2947161384721966
