0. -0.8048302574040429 0. 0.0
0. -0.8048302574040429 0. 7.105427357601002e-15
0. -0.8048302574040429 0. 0.0
0. -0.8048302574040429 0. 0.0
0. -0.8048302574040429 0. 1.4210854715202004e-14
0. -0.8048302574040429 0. 0.0
0. -0.8048302574040429 0. 0.0
0. -0.8048302574040429 0. 0.0
0. -0.5748787552885943 0. 0.0
0. -0.5748787552885943 0. 7.105427357601002e-15
0. -0.5748787552885943 0. 0.0
0. -0.5748787552885943 0. 0.0
0. -0.5748787552885943 0. 1.4210854715202004e-14
0. -0.5748787552885943 0. 0.0
0. -0.5748787552885943 0. 0.0
0. -0.5748787552885943 0. 0.0
0. -0.34492725317316086 0. 0.0
0. -0.34492725317316086 0. 7.105427357601002e-15
0. -0.34492725317316086 0. 0.0
0. -0.34492725317316086 0. 0.0
0. -0.34492725317316086 0. 1.4210854715202004e-14
0. -0.34492725317316086 0. 0.0
0. -0.34492725317316086 0. 0.0
0. -0.34492725317316086 0. 0.0
0. -0.11497575105772029 0. 0.0
0. -0.11497575105772029 0. 7.105427357601002e-15
0. -0.11497575105772029 0. 0.0
0. -0.11497575105772029 0. 0.0
0. -0.11497575105772029 0. 1.4210854715202004e-14
0. -0.11497575105772029 0. 0.0
0. -0.11497575105772029 0. 0.0
0. -0.11497575105772029 0. 0.0
0. 0.1149757510577416 0. 0.0
0. 0.1149757510577416 0. 7.105427357601002e-15
0. 0.1149757510577416 0. 0.0
0. 0.1149757510577416 0. 0.0
0. 0.1149757510577416 0. 1.4210854715202004e-14
0. 0.1149757510577416 0. 0.0
0. 0.1149757510577416 0. 0.0
0. 0.1149757510577416 0. 0.0
0. 0.34492725317316797 0. 0.0
0. 0.34492725317316797 0. 7.105427357601002e-15
0. 0.34492725317316797 0. 0.0
0. 0.34492725317316797 0. 0.0
0. 0.34492725317316797 0. 1.4210854715202004e-14
0. 0.34492725317316797 0. 0.0
0. 0.34492725317316797 0. 0.0
0. 0.34492725317316797 0. 0.0
0. 0.5748787552886085 0. 0.0
0. 0.5748787552886085 0. 7.105427357601002e-15
0. 0.5748787552886085 0. 0.0
0. 0.5748787552886085 0. 0.0
0. 0.5748787552886085 0. 1.4210854715202004e-14
0. 0.5748787552886085 0. 0.0
0. 0.5748787552886085 0. 0.0
0. 0.5748787552886085 0. 0.0
0. 0.8048302574040349 0. 0.0
0. 0.8048302574040349 0. 7.105427357601002e-15
0. 0.8048302574040349 0. 0.0
0. 0.8048302574040349 0. 0.0
0. 0.8048302574040349 0. 1.4210854715202004e-14
0. 0.8048302574040349 0. 0.0
0. 0.8048302574040349 0. 0.0
0. 0.8048302574040349 0. 0.0
